brace: 737.16 KB (16.5%)
lodash: 705.67 KB (15.8%)
yaml-js: 193.21 KB (4.33%)
core-js-pure: 157.87 KB (3.54%)
immutable: 139.01 KB (3.11%)
js-yaml: 104.53 KB (2.34%)
uri-js: 55.96 KB (1.25%)
react: 54.19 KB (1.21%)
inline-style-prefixer: 53.31 KB (1.19%)
lodash.isequal: 48.44 KB (1.08%)
buffer: 47.45 KB (1.06%)
@babel\runtime-corejs3: 45.98 KB (1.03%)
  regenerator-runtime: 24.01 KB (52.2%)
  <self>: 21.97 KB (47.8%)
json-refs: 43.47 KB (0.974%)
superagent: 41.5 KB (0.929%)
react-style-proptype: 31.98 KB (0.716%)
create-react-class: 31.29 KB (0.701%)
prop-types: 30.77 KB (0.689%)
  react-is: 2.69 KB (8.73%)
  <self>: 28.08 KB (91.3%)
graphlib: 27.96 KB (0.626%)
util: 19.13 KB (0.428%)
bowser: 18.6 KB (0.417%)
react-ace: 15.16 KB (0.340%)
react-immutable-proptypes: 11.82 KB (0.265%)
path-loader: 11.42 KB (0.256%)
querystring-browser: 10.67 KB (0.239%)
traverse: 8.72 KB (0.195%)
path-browserify: 8.54 KB (0.191%)
native-promise-only: 7.92 KB (0.177%)
attr-accept: 6.79 KB (0.152%)
setimmediate: 6.32 KB (0.142%)
process: 5.29 KB (0.118%)
querystring-es3: 5.06 KB (0.113%)
fbjs: 4.58 KB (0.103%)
deepmerge: 3.94 KB (0.0883%)
base64-js: 3.85 KB (0.0862%)
component-emitter: 3.11 KB (0.0696%)
object-assign: 2.06 KB (0.0461%)
ieee754: 2.02 KB (0.0451%)
timers-browserify: 1.97 KB (0.0442%)
promise-worker: 1.61 KB (0.0361%)
webpack: 1.03 KB (0.0231%)
worker-loader: 900 B (0.0197%)
css-in-js-utils: 759 B (0.0166%)
w3c-blob: 684 B (0.0150%)
inherits: 672 B (0.0147%)
hyphenate-style-name: 339 B (0.00741%)
slash: 289 B (0.00632%)
isarray: 132 B (0.00289%)
<self>: 1.71 MB (39.2%)
